//----- Variables -----------------------------------------------------------------------------------------------------

AREA = 0
Battleover? = 0
buttoned = 0
Change = 0
ctext = 2
enemy1killed = 0
EnemyHP = 0
Enemy No.2 = 0
Force = 1
hi = 100
HOVERITEM = 0
largedir = -1158
Life = 3
msg scroll = 3.99
music state = 0
openball = 0
s = 0
Score = 0
shield dir = -1158
story despite battle = 0
tl = 0
tr = 0
ttt = 17.37
x2 dur = -1158
xxx = 213.55262301311
y = 0
yyy = -126.92891495713


//----- Lists ---------------------------------------------------------------------------------------------------------

A Message Log = { }
Character exp = { }
Character levels = { }
Character Stats AAADDDSSS = { }
exp cap = { }
Exp Table = { }
ItemCounter = { }
mon stat AAADDSSHHHHEEEEM = { }
xx = { 
    204
    204
    204
    204
    204
    204
    204
    204
    204
    204
    204
    204
    204
    204
    204
    204
    204
    204
    204
    204
    204
    204
    204
    204
    204
    204
    204
    204
    204
    204
    204
    204
    204
    204
    204
    204
    204
    204
    204
    204
    204
    204
    204
    204
    204
    204
    204
    204
    204
    204
    204
    204
    204
    204
    204
    204
    204
    204
    204
    204
    204
    204
    204
    204
    204
    204
    204
    204
    204
    204
    204
    204
    203
    203
    203
    204
    204
    201
    201
    189
    177
    170
    170
    170
    171
    172
    172
    173
    174
    174
    175
    175
    176
    177
    177
    178
    178
    179
    179
    180
    180
    181
    181
    182
    182
    183
    183
    183
    184
    184
    185
    185
    185
    186
    186
    187
    187
    187
    188
    188
    188
    189
    189
    192
    192
    196
    200
    203
    207
    211
    214
    215
    215
    212
    210
    207
    205
    203
    201
    198
    196
    194
    192
    190
    188
    186
    184
    183
    181
    183
    183
    186
    187
    187
    190
    190
    193
    196
    199
    202
    205
    208
    211
    213
    216
    215
    215
    212
    210
    207
    205
    203
    201
    199
    196
    197
    197
    199
    201
    202
    204
    206
    207
    209
    210
    212
    213
    215
    216
    217
    215
    215
    214
    213
    212
    211
    210
    209
    208
    207
    206
    205
    204
    204
    203
    202
    201
    200
    200
    199
    198
    198
    197
    196
    196
    195
    194
    194
    193
    192
    192
    191
    191
    190
    194
    197
    200
    203
    206
    209
    212
    215
    215
    215
    212
    210
    210
    208
    208
    206
    205
    203
    201
    199
    197
    198
    198
    198
    199
    199
    200
    200
    200
    201
    201
    201
    202
    202
    203
    203
    203
    203
    203
    204
    204
    204
    204
    205
    205
    205
    206
    206
    206
    206
    207
    207
    207
    207
    207
    207
    208
    208
    208
    208
    209
    209
    209
    209
    209
    210
    210
    210
    210
    210
    211
    211
    211
    211
    211
    211
    211
    212
    212
    212
    212
    212
    212
    212
    213
    213
    213
    213
    213
    213
    213
    213
    213
    214
    214
    214
    214
    214
    214
    214
    214
    214
    214
    215
    215
    215
    215
    215
    215
    215
    215
    215
    215
    215
    215
    216
    216
    216
    216
    216
    216
    216
    216
    216
    216
    216
    216
    216
    216
    216
    217
    217
    217
    217
    217
    217
    217
    217
    217
    217
    217
    217
    217
    217
    217
    217
    217
    217
    217
    217
    217
    215
    215
    215
    215
    215
    215
    215
    215
    215
    214
    214
    214
    214
    214
    214
    214
    214
    214
    214
    214
    214
    214
    214
    214
    214
    214
    214
    214
    214
    214
    214
    214
    214
    214
    214
    214
    214
    214
    214
    214
    214
    214
    214
    214
    214
    214
    214
    214
    214
    214
    214
    214
    214
    214
    214
    214
    214
    214
    214
    214
    214
    214
    214
    214
    214
    214
    214
    214
    214
    214
    214
    214
    214
    214
    214
    214
    214
    214
    214
    214
    214
    214
    214
    214
    214
    214
    214
    214
    214
    214
    214
    214
    214
    214
    214
    214
    214
    214
    214
    214
    214
    214
    214
    214
    214
    214
    214
    214
    214
    214
    214
    214
    214
    214
    214
    214
    214
    214
    214
    214
    214
    214
    214
    214
    214
    214
    214
    214
    214
    214
    214
    214
    214
    214
    214
    214
    214
    214
    214
    214
    214
    214
    214
    214
    214
    214
    214
    214
    214
    214
    214
    214
    214
    214
    214
    214
    214
    214
    214
    214
    214
    214
    214
    214
    214
    214
    214
    214
    214
    214
    214
    214
    214
    214
    214
    214
    214
    214
    214
    214
    214
    214
    214
    214
    214
    214
    214
    214
    214
    214
    214
    214
    214
    214
    214
    214
    214
    214
    214
    214
    214
    214
    214
    214
    214
    214
    214
    214
    214
    214
}
yy = { 
    -117
    -117
    -117
    -117
    -117
    -117
    -117
    -117
    -117
    -117
    -117
    -117
    -117
    -117
    -117
    -117
    -117
    -117
    -117
    -117
    -117
    -117
    -117
    -117
    -117
    -117
    -117
    -117
    -117
    -117
    -117
    -117
    -117
    -117
    -117
    -117
    -117
    -117
    -117
    -117
    -117
    -117
    -117
    -117
    -117
    -117
    -117
    -117
    -117
    -117
    -117
    -117
    -117
    -117
    -117
    -105
    -97
    -97
    -90
    -91
    -83
    -83
    -75
    -70
    -60
    -57
    -49
    -48
    -38
    -25
    -12
    26
    46
    67
    86
    88
    87
    86
    86
    79
    72
    69
    69
    74
    78
    82
    86
    90
    93
    96
    98
    101
    103
    105
    106
    107
    108
    109
    110
    110
    110
    109
    109
    108
    107
    106
    104
    102
    100
    98
    95
    93
    90
    86
    83
    79
    75
    71
    67
    62
    58
    53
    47
    46
    46
    42
    38
    33
    28
    23
    18
    13
    13
    7
    1
    -5
    -11
    -18
    -24
    -31
    -39
    -46
    -49
    -61
    -61
    -63
    -85
    -94
    -102
    -103
    -103
    -112
    -112
    -112
    -111
    -111
    -82
    -82
    -83
    -77
    -69
    -62
    -55
    -48
    -41
    -38
    -38
    -33
    -27
    -22
    -18
    -13
    -9
    -5
    -2
    1
    1
    4
    6
    9
    11
    13
    14
    15
    16
    17
    17
    17
    17
    17
    17
    17
    16
    15
    13
    11
    10
    7
    5
    2
    0
    -3
    -7
    -10
    -14
    -18
    -22
    -27
    -31
    -36
    -41
    -46
    -52
    -57
    -63
    -69
    -76
    -82
    -89
    -95
    -102
    -110
    -116
    -115
    -115
    -115
    -115
    -116
    -116
    -117
    -116
    -116
    -117
    -117
    -117
    -116
    -116
    -117
    -117
    -117
    -116
    -117
    -116
    -117
    -117
    -117
    -117
    -117
    -116
    -116
    -116
    -116
    -117
    -116
    -117
    -116
    -116
    -116
    -116
    -116
    -117
    -117
    -117
    -116
    -117
    -116
    -117
    -117
    -116
    -117
    -117
    -117
    -116
    -117
    -117
    -116
    -116
    -116
    -116
    -116
    -116
    -116
    -117
    -116
    -117
    -117
    -117
    -117
    -117
    -117
    -116
    -117
    -117
    -116
    -116
    -116
    -117
    -117
    -117
    -117
    -117
    -116
    -116
    -117
    -116
    -117
    -117
    -117
    -117
    -117
    -116
    -117
    -116
    -116
    -117
    -116
    -116
    -116
    -116
    -116
    -117
    -116
    -117
    -117
    -116
    -117
    -117
    -116
    -116
    -117
    -117
    -116
    -117
    -117
    -116
    -116
    -117
    -117
    -117
    -117
    -116
    -117
    -117
    -116
    -117
    -116
    -116
    -116
    -116
    -117
    -117
    -116
    -117
    -117
    -117
    -116
    -117
    -117
    -117
    -116
    -117
    -117
    -117
    -117
    -116
    -116
    -116
    -116
    -116
    -117
    -116
    -116
    -117
    -117
    -117
    -116
    -116
    -116
    -117
    -116
    -116
    -117
    -117
    -117
    -117
    -117
    -117
    -117
    -116
    -117
    -116
    -116
    -116
    -116
    -116
    -117
    -116
    -117
    -116
    -117
    -117
    -117
    -117
    -117
    -117
    -117
    -116
    -117
    -116
    -116
    -116
    -116
    -116
    -116
    -117
    -116
    -116
    -117
    -117
    -117
    -116
    -116
    -116
    -116
    -116
    -117
    -117
    -116
    -117
    -116
    -116
    -116
    -116
    -116
    -117
    -116
    -117
    -117
    -116
    -117
    -117
    -117
    -117
    -117
    -116
    -116
    -116
    -116
    -117
    -117
    -117
    -117
    -117
    -116
    -117
    -117
    -116
    -116
    -116
    -117
    -117
    -116
    -117
    -117
    -116
    -116
    -116
    -116
    -116
    -116
    -116
    -117
    -116
    -117
    -116
    -117
    -117
    -117
    -116
    -116
    -117
    -116
    -116
    -117
    -117
    -117
    -117
    -117
    -117
    -116
    -117
    -116
    -116
    -117
    -117
    -117
    -116
    -117
    -116
    -117
    -117
    -116
    -116
    -116
    -116
    -116
    -116
    -116
    -117
    -116
    -116
    -117
    -117
    -117
    -117
    -116
    -117
    -116
    -117
    -117
    -117
    -116
    -116
    -117
    -117
    -116
    -116
    -117
    -117
    -116
    -117
    -117
    -116
    -116
    -116
    -117
    -117
    -116
    -116
    -116
    -117
    -117
    -117
    -117
    -116
    -116
    -116
    -117
    -117
    -116
    -117
    -117
    -116
    -117
    -116
    -117
    -117
    -117
    -117
    -116
    -116
    -116
    -116
    -117
    -117
    -117
    -116
    -117
    -117
    -117
    -117
    -117
    -116
    -116
    -117
    -117
    -117
    -116
    -117
    -117
    -117
    -117
    -117
    -116
    -117
}
zAdditional HP characters (*10) = { }


//----- Green flag events ---------------------------------------------------------------------------------------------

WhenGreenFlagClicked()
{
    Event.BroadcastAndWait("START");
}


//----- Broadcast received events -------------------------------------------------------------------------------------

WhenBroadcastReceived(START)
{
    Score = 0;
    ttt = 0;
    largedir = 0;
    Forever
    {
        ttt += 0.03;
        shield dir += -2;
        x2 dur += -2;
        largedir += -2;
        Looks.ChangeEffectBy(COLOR, 3);
    }
}

WhenBroadcastReceived(START)
{
    Sound.SetEffectTo(PITCH, -185);
    Sound.SetVolumeTo(79);
    Forever
    {
        Sound.PlayUntilDone(18 - map mode);
    }
}

WhenBroadcastReceived(START)
{
    Sound.SetEffectTo(PITCH, -249);
    Sound.SetVolumeTo(37);
    Control.Wait(3);
    Repeat (7)
    {
        Sound.ChangeVolumeBy(6);
        Sound.ChangeEffectBy(PITCH, -4);
    }
}

WhenBroadcastReceived(START)
{
    Sound.ChangeEffectBy(PITCH, 9);
    If (Life > 0)
    {
        Sound.SetVolumeTo(37);
        Repeat (7)
        {
            Sound.ChangeVolumeBy(6);
        }
    }
}


//----- Costumes ------------------------------------------------------------------------------------------------------

backdrop1.png


//----- Sounds --------------------------------------------------------------------------------------------------------

18 - map mode.wav
